{
 "cells": [
  {
   "cell_type": "code",
   "execution_count": 46,
   "metadata": {},
   "outputs": [],
   "source": [
    "import sys\n",
    "import numpy as np\n",
    "import open3d as o3d\n",
    "sys.path.insert(1, \"../dataset\")\n",
    "from utils import readData, readPointCloud"
   ]
  },
  {
   "cell_type": "code",
   "execution_count": 47,
   "metadata": {},
   "outputs": [],
   "source": [
    "ground_truth = readData(\"../dataset/01.txt\")\n",
    "ground_truth = ground_truth[:77][:]\n",
    "pc = []\n",
    "for i in range(1):\n",
    "    file = \"../dataset/01/\" + str(i).zfill(6) + \".bin\"\n",
    "    data = readPointCloud(file)\n",
    "    valid = []\n",
    "    for j in range(len(data)):\n",
    "        dist = np.linalg.norm(data[j][:2])\n",
    "        if dist <= 50 and dist >= 10:\n",
    "            valid.append(data[j])\n",
    "    pc.append(valid)"
   ]
  },
  {
   "cell_type": "code",
   "execution_count": 48,
   "metadata": {},
   "outputs": [],
   "source": [
    "def computePose(point_ind):\n",
    "#     final_pose = []\n",
    "    T = ground_truth[point_ind][:]\n",
    "    T = np.reshape(T, (3,4))\n",
    "    b = np.array([0,0,0,1])\n",
    "    T = np.vstack ((T,b)) \n",
    "    print (T)\n",
    "    return T"
   ]
  },
  {
   "cell_type": "code",
   "execution_count": 49,
   "metadata": {},
   "outputs": [
    {
     "name": "stdout",
     "output_type": "stream",
     "text": [
      "[[-1.456043e-01  3.177492e-03  9.893378e-01  7.986417e+01]\n",
      " [ 1.128566e-01  9.935207e-01  1.341856e-02 -6.121849e-01]\n",
      " [-9.828849e-01  1.136071e-01 -1.450194e-01  1.377611e+01]\n",
      " [ 0.000000e+00  0.000000e+00  0.000000e+00  1.000000e+00]]\n"
     ]
    }
   ],
   "source": [
    "# print (ground_truth.shape)\n",
    "res = computePose(76)\n",
    "# print(np.shape(res[0]))"
   ]
  },
  {
   "cell_type": "code",
   "execution_count": 50,
   "metadata": {},
   "outputs": [
    {
     "name": "stdout",
     "output_type": "stream",
     "text": [
      "[[ 1.000000e+00  9.043683e-12  2.326809e-11  1.110223e-16]\n",
      " [ 9.043683e-12  1.000000e+00  2.392370e-10  2.220446e-16]\n",
      " [ 2.326810e-11  2.392370e-10  9.999999e-01 -2.220446e-16]\n",
      " [ 0.000000e+00  0.000000e+00  0.000000e+00  1.000000e+00]]\n",
      "[[ 0.9990498  -0.00164978  0.04355194  0.05154656]\n",
      " [ 0.00176042  0.9999953  -0.00250224 -0.02424883]\n",
      " [-0.0435476   0.00257653  0.999048    1.000725  ]\n",
      " [ 0.          0.          0.          1.        ]]\n",
      "[[ 0.9960495  -0.00536795  0.08863831  0.1464632 ]\n",
      " [ 0.00601022  0.9999575  -0.00698072 -0.05051622]\n",
      " [-0.08859707  0.00748588  0.9960394   1.995659  ]\n",
      " [ 0.          0.          0.          1.        ]]\n",
      "[[ 0.9909271  -0.00588688  0.1342721   0.2879204 ]\n",
      " [ 0.00744818  0.9999103  -0.01112852 -0.07903059]\n",
      " [-0.1341946   0.01202763  0.990882    2.986691  ]\n",
      " [ 0.          0.          0.          1.        ]]\n",
      "[[ 9.836222e-01 -3.565066e-03  1.802072e-01  4.657503e-01]\n",
      " [ 6.172884e-03  9.998841e-01 -1.391250e-02 -1.102928e-01]\n",
      " [-1.801368e-01  1.479704e-02  9.835302e-01  3.963845e+00]\n",
      " [ 0.000000e+00  0.000000e+00  0.000000e+00  1.000000e+00]]\n",
      "[[ 0.9740479  -0.00617362  0.2262579   0.6971645 ]\n",
      " [ 0.00948684  0.999863   -0.01355912 -0.143877  ]\n",
      " [-0.2261432   0.0153537   0.973973    4.934639  ]\n",
      " [ 0.          0.          0.          1.        ]]\n",
      "[[ 0.9624212  -0.00736863  0.2714613   0.9715689 ]\n",
      " [ 0.01164015  0.9998324  -0.01412847 -0.1802237 ]\n",
      " [-0.2713117   0.01675739  0.9623456   5.887651  ]\n",
      " [ 0.          0.          0.          1.        ]]\n",
      "[[ 0.9488374  -0.00969354  0.3156164   1.288079  ]\n",
      " [ 0.01587616  0.999729   -0.01702376 -0.2184877 ]\n",
      " [-0.3153658   0.02116355  0.9487341   6.826202  ]\n",
      " [ 0.          0.          0.          1.        ]]\n",
      "[[ 0.9336202  -0.01263857  0.3580415   1.651331  ]\n",
      " [ 0.02080461  0.9996037  -0.01896441 -0.254729  ]\n",
      " [-0.3576599   0.02515446  0.933513    7.743952  ]\n",
      " [ 0.          0.          0.          1.        ]]\n",
      "[[ 0.9161945  -0.01228394  0.4005456   2.050498  ]\n",
      " [ 0.02177648  0.9995793  -0.01915567 -0.2919528 ]\n",
      " [-0.4001417   0.02627278  0.9160765   8.64624   ]\n",
      " [ 0.          0.          0.          1.        ]]\n",
      "[[ 0.8965559  -0.01307765  0.4427376   2.488685  ]\n",
      " [ 0.0234179   0.9995655  -0.01789659 -0.3309237 ]\n",
      " [-0.4423112   0.02641328  0.8964725   9.527392  ]\n",
      " [ 0.          0.          0.          1.        ]]\n",
      "[[ 0.8745113  -0.01351429  0.4848168   2.966292  ]\n",
      " [ 0.02447754  0.9995676  -0.01628953 -0.3697385 ]\n",
      " [-0.484387    0.02611249  0.874464   10.38417   ]\n",
      " [ 0.          0.          0.          1.        ]]\n",
      "[[ 0.8503691  -0.01348162  0.5260139   3.483068  ]\n",
      " [ 0.02517723  0.9995692  -0.01508348 -0.4086031 ]\n",
      " [-0.5255839   0.0260701   0.8503422  11.2156    ]\n",
      " [ 0.          0.          0.          1.        ]]\n",
      "[[ 0.8245429  -0.014011    0.565626    4.03669   ]\n",
      " [ 0.0269639   0.9995305  -0.01454755 -0.4439735 ]\n",
      " [-0.5651566   0.02724656  0.8245336  12.01878   ]\n",
      " [ 0.          0.          0.          1.        ]]\n",
      "[[ 0.7970302  -0.01619333  0.6037224   4.631439  ]\n",
      " [ 0.03126104  0.9994066  -0.01446406 -0.4790227 ]\n",
      " [-0.6031299   0.03040128  0.7970634  12.79006   ]\n",
      " [ 0.          0.          0.          1.        ]]\n",
      "[[ 0.7681511  -0.01510445  0.6400904   5.252124  ]\n",
      " [ 0.03186802  0.9993845  -0.0146609  -0.5136186 ]\n",
      " [-0.639475    0.0316602   0.7681597  13.53058   ]\n",
      " [ 0.          0.          0.          1.        ]]\n",
      "[[ 7.374230e-01 -1.831697e-02  6.751828e-01  5.913461e+00]\n",
      " [ 3.718619e-02  9.992171e-01 -1.350645e-02 -5.462713e-01]\n",
      " [-6.744067e-01  3.506743e-02  7.375268e-01  1.423731e+01]\n",
      " [ 0.000000e+00  0.000000e+00  0.000000e+00  1.000000e+00]]\n",
      "[[ 7.051666e-01 -1.811309e-02  7.088103e-01  6.602643e+00]\n",
      " [ 3.829943e-02  9.991872e-01 -1.256911e-02 -5.777429e-01]\n",
      " [-7.080065e-01  3.601033e-02  7.052871e-01  1.491216e+01]\n",
      " [ 0.000000e+00  0.000000e+00  0.000000e+00  1.000000e+00]]\n",
      "[[ 6.706801e-01 -1.682164e-02  7.415560e-01  7.315983e+00]\n",
      " [ 3.848398e-02  9.991854e-01 -1.214001e-02 -6.091556e-01]\n",
      " [-7.407478e-01  3.668008e-02  6.707811e-01  1.555483e+01]\n",
      " [ 0.000000e+00  0.000000e+00  0.000000e+00  1.000000e+00]]\n",
      "[[ 6.350649e-01 -1.784306e-02  7.722528e-01  8.059654e+00]\n",
      " [ 4.358563e-02  9.989682e-01 -1.276143e-02 -6.362920e-01]\n",
      " [-7.712282e-01  4.176345e-02  6.351872e-01  1.615500e+01]\n",
      " [ 0.000000e+00  0.000000e+00  0.000000e+00  1.000000e+00]]\n",
      "[[ 5.983915e-01 -1.631634e-02  8.010377e-01  8.824947e+00]\n",
      " [ 4.435618e-02  9.989339e-01 -1.278768e-02 -6.652783e-01]\n",
      " [-7.999751e-01  4.318299e-02  5.984773e-01  1.672174e+01]\n",
      " [ 0.000000e+00  0.000000e+00  0.000000e+00  1.000000e+00]]\n",
      "[[ 5.606382e-01 -1.560419e-02  8.279139e-01  9.617499e+00]\n",
      " [ 4.722424e-02  9.987977e-01 -1.315388e-02 -6.938755e-01]\n",
      " [-8.267132e-01  4.647216e-02  5.607010e-01  1.724835e+01]\n",
      " [ 0.000000e+00  0.000000e+00  0.000000e+00  1.000000e+00]]\n",
      "[[ 5.217303e-01 -1.415459e-02  8.529931e-01  1.043572e+01]\n",
      " [ 5.299064e-02  9.984693e-01 -1.584291e-02 -7.209802e-01]\n",
      " [-8.514631e-01  5.346636e-02  5.216817e-01  1.773582e+01]\n",
      " [ 0.000000e+00  0.000000e+00  0.000000e+00  1.000000e+00]]\n",
      "[[ 4.824023e-01 -1.314333e-02  8.758512e-01  1.127339e+01]\n",
      " [ 5.466343e-02  9.983902e-01 -1.512539e-02 -7.448949e-01]\n",
      " [-8.742425e-01  5.517354e-02  4.823441e-01  1.818861e+01]\n",
      " [ 0.000000e+00  0.000000e+00  0.000000e+00  1.000000e+00]]\n",
      "[[ 4.437520e-01 -1.483490e-02  8.960269e-01  1.213844e+01]\n",
      " [ 5.962892e-02  9.981359e-01 -1.300543e-02 -7.707228e-01]\n",
      " [-8.941636e-01  5.920028e-02  4.438094e-01  1.860541e+01]\n",
      " [ 0.000000e+00  0.000000e+00  0.000000e+00  1.000000e+00]]\n",
      "[[ 4.063321e-01 -1.567329e-02  9.135911e-01  1.302386e+01]\n",
      " [ 6.333168e-02  9.979314e-01 -1.104743e-02 -7.968987e-01]\n",
      " [-9.115280e-01  6.234817e-02  4.064841e-01  1.898486e+01]\n",
      " [ 0.000000e+00  0.000000e+00  0.000000e+00  1.000000e+00]]\n",
      "[[ 3.705969e-01 -1.336462e-02  9.286977e-01  1.392282e+01]\n",
      " [ 6.549873e-02  9.977831e-01 -1.177846e-02 -8.194983e-01]\n",
      " [-9.264814e-01  6.519356e-02  3.706506e-01  1.933529e+01]\n",
      " [ 0.000000e+00  0.000000e+00  0.000000e+00  1.000000e+00]]\n",
      "[[ 3.367104e-01 -1.369924e-02  9.415086e-01  1.484567e+01]\n",
      " [ 6.695770e-02  9.977112e-01 -9.428981e-03 -8.398217e-01]\n",
      " [-9.392245e-01  6.621607e-02  3.368570e-01  1.965558e+01]\n",
      " [ 0.000000e+00  0.000000e+00  0.000000e+00  1.000000e+00]]\n",
      "[[ 3.032101e-01 -1.606372e-02  9.527884e-01  1.578819e+01]\n",
      " [ 6.893784e-02  9.976078e-01 -5.119036e-03 -8.590110e-01]\n",
      " [-9.504268e-01  6.723530e-02  3.035921e-01  1.994858e+01]\n",
      " [ 0.000000e+00  0.000000e+00  0.000000e+00  1.000000e+00]]\n",
      "[[ 2.700383e-01 -1.584084e-02  9.627193e-01  1.674609e+01]\n",
      " [ 6.970552e-02  9.975627e-01 -3.137907e-03 -8.779579e-01]\n",
      " [-9.603231e-01  6.795419e-02  2.704843e-01  2.020959e+01]\n",
      " [ 0.000000e+00  0.000000e+00  0.000000e+00  1.000000e+00]]\n",
      "[[ 2.373841e-01 -1.301040e-02  9.713288e-01  1.771096e+01]\n",
      " [ 6.752450e-02  9.977127e-01 -3.138591e-03 -8.926428e-01]\n",
      " [-9.690661e-01  6.633352e-02  2.377196e-01  2.044290e+01]\n",
      " [ 0.000000e+00  0.000000e+00  0.000000e+00  1.000000e+00]]\n",
      "[[ 2.058013e-01 -1.089049e-02  9.785332e-01  1.869074e+01]\n",
      " [ 6.752573e-02  9.977127e-01 -3.097801e-03 -9.066816e-01]\n",
      " [-9.762612e-01  6.671368e-02  2.060660e-01  2.064544e+01]\n",
      " [ 0.000000e+00  0.000000e+00  0.000000e+00  1.000000e+00]]\n",
      "[[ 1.748760e-01 -1.056614e-02  9.845338e-01  1.969166e+01]\n",
      " [ 6.930053e-02  9.975945e-01 -1.603074e-03 -9.204752e-01]\n",
      " [-9.821485e-01  6.850903e-02  1.751876e-01  2.081649e+01]\n",
      " [ 0.000000e+00  0.000000e+00  0.000000e+00  1.000000e+00]]\n",
      "[[ 1.440159e-01 -1.095260e-02  9.895148e-01  2.070872e+01]\n",
      " [ 7.093837e-02  9.974804e-01  7.162510e-04 -9.323174e-01]\n",
      " [-9.870294e-01  7.009140e-02  1.444300e-01  2.095890e+01]\n",
      " [ 0.000000e+00  0.000000e+00  0.000000e+00  1.000000e+00]]\n",
      "[[ 1.132280e-01 -1.188899e-02  9.934979e-01  2.174157e+01]\n",
      " [ 6.960632e-02  9.975665e-01  4.004714e-03 -9.423525e-01]\n",
      " [-9.911278e-01  6.870027e-02  1.137800e-01  2.107450e+01]\n",
      " [ 0.000000e+00  0.000000e+00  0.000000e+00  1.000000e+00]]\n",
      "[[ 8.347506e-02 -1.182121e-02  9.964398e-01  2.279076e+01]\n",
      " [ 7.016375e-02  9.975177e-01  5.956143e-03 -9.484050e-01]\n",
      " [-9.940367e-01  6.941674e-02  8.409726e-02  2.116118e+01]\n",
      " [ 0.000000e+00  0.000000e+00  0.000000e+00  1.000000e+00]]\n",
      "[[ 5.575869e-02 -1.119487e-02  9.983815e-01  2.385365e+01]\n",
      " [ 7.276066e-02  9.973240e-01  7.119389e-03 -9.510470e-01]\n",
      " [-9.957895e-01  7.224591e-02  5.642402e-02  2.121468e+01]\n",
      " [ 0.000000e+00  0.000000e+00  0.000000e+00  1.000000e+00]]\n"
     ]
    },
    {
     "name": "stdout",
     "output_type": "stream",
     "text": [
      "[[ 3.022405e-02 -1.055359e-02  9.994875e-01  2.493112e+01]\n",
      " [ 7.695768e-02  9.970006e-01  8.200162e-03 -9.519265e-01]\n",
      " [-9.965761e-01  7.667038e-02  3.094558e-02  2.124069e+01]\n",
      " [ 0.000000e+00  0.000000e+00  0.000000e+00  1.000000e+00]]\n",
      "[[ 7.200764e-03 -1.011089e-02  9.999230e-01  2.602348e+01]\n",
      " [ 8.125250e-02  9.966483e-01  9.492647e-03 -9.509506e-01]\n",
      " [-9.966675e-01  8.117787e-02  7.998165e-03  2.124027e+01]\n",
      " [ 0.000000e+00  0.000000e+00  0.000000e+00  1.000000e+00]]\n",
      "[[-1.358780e-02 -9.968577e-03  9.998580e-01  2.712723e+01]\n",
      " [ 8.719664e-02  9.961291e-01  1.111637e-02 -9.489508e-01]\n",
      " [-9.960984e-01  8.733528e-02 -1.266597e-02  2.121564e+01]\n",
      " [ 0.000000e+00  0.000000e+00  0.000000e+00  1.000000e+00]]\n",
      "[[-3.162964e-02 -1.065186e-02  9.994429e-01  2.824249e+01]\n",
      " [ 9.165357e-02  9.956992e-01  1.351254e-02 -9.456288e-01]\n",
      " [-9.952885e-01  9.202989e-02 -3.051732e-02  2.116969e+01]\n",
      " [ 0.000000e+00  0.000000e+00  0.000000e+00  1.000000e+00]]\n",
      "[[-4.749041e-02 -1.030237e-02  9.988186e-01  2.937022e+01]\n",
      " [ 9.488928e-02  9.953781e-01  1.477854e-02 -9.414386e-01]\n",
      " [-9.943544e-01  9.547900e-02 -4.629333e-02  2.110741e+01]\n",
      " [ 0.000000e+00  0.000000e+00  0.000000e+00  1.000000e+00]]\n",
      "[[-6.213432e-02 -1.086217e-02  9.980087e-01  3.050291e+01]\n",
      " [ 9.737473e-02  9.951044e-01  1.689294e-02 -9.363594e-01]\n",
      " [-9.933063e-01  9.823044e-02 -6.077243e-02  2.102960e+01]\n",
      " [ 0.000000e+00  0.000000e+00  0.000000e+00  1.000000e+00]]\n",
      "[[-7.560868e-02 -1.193509e-02  9.970662e-01  3.164196e+01]\n",
      " [ 9.751631e-02  9.950466e-01  1.930569e-02 -9.296868e-01]\n",
      " [-9.923577e-01  9.868987e-02 -7.407029e-02  2.093984e+01]\n",
      " [ 0.000000e+00  0.000000e+00  0.000000e+00  1.000000e+00]]\n",
      "[[-8.805539e-02 -1.198809e-02  9.960435e-01  3.278682e+01]\n",
      " [ 9.729037e-02  9.950433e-01  2.057702e-02 -9.216773e-01]\n",
      " [-9.913530e-01  9.871733e-02 -8.645259e-02  2.083696e+01]\n",
      " [ 0.000000e+00  0.000000e+00  0.000000e+00  1.000000e+00]]\n",
      "[[-9.947788e-02 -9.193596e-03  9.949973e-01  3.394232e+01]\n",
      " [ 9.735338e-02  9.950699e-01  1.892746e-02 -9.117462e-01]\n",
      " [-9.902658e-01  9.874920e-02 -9.809240e-02  2.071859e+01]\n",
      " [ 0.000000e+00  0.000000e+00  0.000000e+00  1.000000e+00]]\n",
      "[[-1.097967e-01 -5.360682e-03  9.939396e-01  3.511473e+01]\n",
      " [ 9.798071e-02  9.950566e-01  1.619026e-02 -9.007201e-01]\n",
      " [-9.891129e-01  9.916453e-02 -1.087287e-01  2.058533e+01]\n",
      " [ 0.000000e+00  0.000000e+00  0.000000e+00  1.000000e+00]]\n",
      "[[-1.194554e-01 -2.512059e-03  9.928364e-01  3.630912e+01]\n",
      " [ 9.905114e-02  9.949776e-01  1.443504e-02 -8.891584e-01]\n",
      " [-9.878862e-01  1.000659e-01 -1.186066e-01  2.043698e+01]\n",
      " [ 0.000000e+00  0.000000e+00  0.000000e+00  1.000000e+00]]\n",
      "[[-1.270885e-01 -1.278670e-03  9.918906e-01  3.752680e+01]\n",
      " [ 9.888957e-02  9.950006e-01  1.395315e-02 -8.781568e-01]\n",
      " [-9.869495e-01  9.986090e-02 -1.263266e-01  2.027890e+01]\n",
      " [ 0.000000e+00  0.000000e+00  0.000000e+00  1.000000e+00]]\n",
      "[[-1.329871e-01 -7.149781e-04  9.911175e-01  3.876733e+01]\n",
      " [ 9.839198e-02  9.950504e-01  1.391994e-02 -8.670199e-01]\n",
      " [-9.862218e-01  9.936917e-02 -1.322585e-01  2.011085e+01]\n",
      " [ 0.000000e+00  0.000000e+00  0.000000e+00  1.000000e+00]]\n",
      "[[-1.381591e-01  8.940047e-04  9.904097e-01  4.002403e+01]\n",
      " [ 9.941083e-02  9.949619e-01  1.296938e-02 -8.564479e-01]\n",
      " [-9.854083e-01  1.002493e-01 -1.375519e-01  1.993253e+01]\n",
      " [ 0.000000e+00  0.000000e+00  0.000000e+00  1.000000e+00]]\n",
      "[[-1.426852e-01  2.815813e-03  9.897642e-01  4.130550e+01]\n",
      " [ 9.869170e-02  9.950528e-01  1.139661e-02 -8.460362e-01]\n",
      " [-9.848354e-01  9.930761e-02 -1.422571e-01  1.974648e+01]\n",
      " [ 0.000000e+00  0.000000e+00  0.000000e+00  1.000000e+00]]\n",
      "[[-1.468253e-01  3.917606e-03  9.891547e-01  4.260679e+01]\n",
      " [ 9.897322e-02  9.950320e-01  1.075021e-02 -8.375480e-01]\n",
      " [-9.841984e-01  9.947820e-02 -1.464836e-01  1.955065e+01]\n",
      " [ 0.000000e+00  0.000000e+00  0.000000e+00  1.000000e+00]]\n",
      "[[-1.499193e-01  3.009372e-03  9.886937e-01  4.393278e+01]\n",
      " [ 9.873932e-02  9.950416e-01  1.194351e-02 -8.295496e-01]\n",
      " [-9.837554e-01  9.941348e-02 -1.494731e-01  1.934786e+01]\n",
      " [ 0.000000e+00  0.000000e+00  0.000000e+00  1.000000e+00]]\n",
      "[[-1.522300e-01  5.817954e-04  9.883450e-01  4.528137e+01]\n",
      " [ 9.933371e-02  9.949454e-01  1.471420e-02 -8.187903e-01]\n",
      " [-9.833406e-01  1.004159e-01 -1.515183e-01  1.913753e+01]\n",
      " [ 0.000000e+00  0.000000e+00  0.000000e+00  1.000000e+00]]\n",
      "[[-1.545076e-01 -3.897853e-04  9.879916e-01  4.664850e+01]\n",
      " [ 9.937378e-02  9.949226e-01  1.593314e-02 -8.059921e-01]\n",
      " [-9.829813e-01  1.006422e-01 -1.536843e-01  1.892231e+01]\n",
      " [ 0.000000e+00  0.000000e+00  0.000000e+00  1.000000e+00]]\n",
      "[[-1.565155e-01  3.425744e-04  9.876755e-01  4.803559e+01]\n",
      " [ 1.016061e-01  9.946999e-01  1.575634e-02 -7.907530e-01]\n",
      " [-9.824353e-01  1.028199e-01 -1.557207e-01  1.869944e+01]\n",
      " [ 0.000000e+00  0.000000e+00  0.000000e+00  1.000000e+00]]\n",
      "[[-1.575241e-01  8.739825e-04  9.875148e-01  4.944201e+01]\n",
      " [ 1.013351e-01  9.947349e-01  1.528416e-02 -7.765930e-01]\n",
      " [-9.823020e-01  1.024775e-01 -1.567833e-01  1.847318e+01]\n",
      " [ 0.000000e+00  0.000000e+00  0.000000e+00  1.000000e+00]]\n",
      "[[-1.580662e-01  1.736308e-03  9.874270e-01  5.087125e+01]\n",
      " [ 1.033930e-01  9.945304e-01  1.480223e-02 -7.612088e-01]\n",
      " [-9.820004e-01  1.044328e-01 -1.573812e-01  1.823994e+01]\n",
      " [ 0.000000e+00  0.000000e+00  0.000000e+00  1.000000e+00]]\n",
      "[[-1.581475e-01  2.246276e-03  9.874130e-01  5.231634e+01]\n",
      " [ 1.029209e-01  9.945878e-01  1.422156e-02 -7.488661e-01]\n",
      " [-9.820370e-01  1.038745e-01 -1.575227e-01  1.800571e+01]\n",
      " [ 0.000000e+00  0.000000e+00  0.000000e+00  1.000000e+00]]\n",
      "[[-1.576227e-01  3.491308e-03  9.874933e-01  5.378414e+01]\n",
      " [ 1.029740e-01  9.946001e-01  1.292016e-02 -7.385593e-01]\n",
      " [-9.821158e-01  1.037226e-01 -1.571310e-01  1.776822e+01]\n",
      " [ 0.000000e+00  0.000000e+00  0.000000e+00  1.000000e+00]]\n",
      "[[-1.564353e-01  3.535458e-03  9.876819e-01  5.527561e+01]\n",
      " [ 1.033158e-01  9.945662e-01  1.280369e-02 -7.282464e-01]\n",
      " [-9.822697e-01  1.040460e-01 -1.559505e-01  1.752865e+01]\n",
      " [ 0.000000e+00  0.000000e+00  0.000000e+00  1.000000e+00]]\n",
      "[[-1.549453e-01  2.303011e-03  9.879204e-01  5.678690e+01]\n",
      " [ 1.024081e-01  9.946475e-01  1.374297e-02 -7.193216e-01]\n",
      " [-9.826009e-01  1.033004e-01 -1.543518e-01  1.728947e+01]\n",
      " [ 0.000000e+00  0.000000e+00  0.000000e+00  1.000000e+00]]\n",
      "[[-1.538084e-01  3.054216e-03  9.880960e-01  5.831970e+01]\n",
      " [ 1.033843e-01  9.945563e-01  1.301875e-02 -7.090229e-01]\n",
      " [-9.826773e-01  1.041560e-01 -1.532869e-01  1.704698e+01]\n",
      " [ 0.000000e+00  0.000000e+00  0.000000e+00  1.000000e+00]]\n",
      "[[-1.525997e-01  3.933834e-03  9.882803e-01  5.987004e+01]\n",
      " [ 1.033114e-01  9.945767e-01  1.199334e-02 -6.982294e-01]\n",
      " [-9.828733e-01  1.039308e-01 -1.521785e-01  1.680555e+01]\n",
      " [ 0.000000e+00  0.000000e+00  0.000000e+00  1.000000e+00]]\n",
      "[[-1.516316e-01  4.600354e-03  9.884264e-01  6.144932e+01]\n",
      " [ 1.043179e-01  9.944789e-01  1.137458e-02 -6.898538e-01]\n",
      " [-9.829169e-01  1.048353e-01 -1.512744e-01  1.656009e+01]\n",
      " [ 0.000000e+00  0.000000e+00  0.000000e+00  1.000000e+00]]\n",
      "[[-1.505876e-01  4.530984e-03  9.885863e-01  6.304564e+01]\n",
      " [ 1.038798e-01  9.945260e-01  1.126540e-02 -6.822340e-01]\n",
      " [-9.831237e-01  1.043906e-01 -1.502339e-01  1.631483e+01]\n",
      " [ 0.000000e+00  0.000000e+00  0.000000e+00  1.000000e+00]]\n",
      "[[-1.496365e-01  2.801779e-03  9.887371e-01  6.466146e+01]\n",
      " [ 1.056381e-01  9.943174e-01  1.316978e-02 -6.742945e-01]\n",
      " [-9.830816e-01  1.064190e-01 -1.490821e-01  1.606555e+01]\n",
      " [ 0.000000e+00  0.000000e+00  0.000000e+00  1.000000e+00]]\n",
      "[[-1.489502e-01  1.053388e-03  9.888442e-01  6.629273e+01]\n",
      " [ 1.069190e-01  9.941539e-01  1.504623e-02 -6.659320e-01]\n",
      " [-9.830473e-01  1.079674e-01 -1.481921e-01  1.581429e+01]\n",
      " [ 0.000000e+00  0.000000e+00  0.000000e+00  1.000000e+00]]\n",
      "[[-1.481741e-01  1.587223e-03  9.889600e-01  6.793358e+01]\n",
      " [ 1.084503e-01  9.939938e-01  1.465361e-02 -6.566595e-01]\n",
      " [-9.829969e-01  1.094243e-01 -1.474563e-01  1.556429e+01]\n",
      " [ 0.000000e+00  0.000000e+00  0.000000e+00  1.000000e+00]]\n",
      "[[-1.471094e-01  3.907489e-03  9.891125e-01  6.959146e+01]\n",
      " [ 1.108431e-01  9.937585e-01  1.255970e-02 -6.495479e-01]\n",
      " [-9.828899e-01  1.114840e-01 -1.466243e-01  1.531065e+01]\n",
      " [ 0.000000e+00  0.000000e+00  0.000000e+00  1.000000e+00]]\n",
      "[[-1.464650e-01  3.603548e-03  9.892093e-01  7.126348e+01]\n",
      " [ 1.101154e-01  9.938379e-01  1.268356e-02 -6.455501e-01]\n",
      " [-9.830679e-01  1.107848e-01 -1.459592e-01  1.506048e+01]\n",
      " [ 0.000000e+00  0.000000e+00  0.000000e+00  1.000000e+00]]\n"
     ]
    },
    {
     "name": "stdout",
     "output_type": "stream",
     "text": [
      "[[-1.462604e-01  3.233250e-03  9.892409e-01  7.294957e+01]\n",
      " [ 1.105105e-01  9.937887e-01  1.309099e-02 -6.411509e-01]\n",
      " [-9.830540e-01  1.112362e-01 -1.457092e-01  1.480708e+01]\n",
      " [ 0.000000e+00  0.000000e+00  0.000000e+00  1.000000e+00]]\n",
      "[[-1.460361e-01  1.690015e-03  9.892778e-01  7.465679e+01]\n",
      " [ 1.098325e-01  9.938441e-01  1.451553e-02 -6.351425e-01]\n",
      " [-9.831634e-01  1.107746e-01 -1.453227e-01  1.455382e+01]\n",
      " [ 0.000000e+00  0.000000e+00  0.000000e+00  1.000000e+00]]\n",
      "[[-1.456358e-01  1.966691e-03  9.893363e-01  7.637583e+01]\n",
      " [ 1.116862e-01  9.936382e-01  1.446557e-02 -6.266393e-01]\n",
      " [-9.830139e-01  1.126019e-01 -1.449289e-01  1.429583e+01]\n",
      " [ 0.000000e+00  0.000000e+00  0.000000e+00  1.000000e+00]]\n",
      "[[-1.456204e-01  2.152571e-03  9.893382e-01  7.811207e+01]\n",
      " [ 1.123679e-01  9.935626e-01  1.437762e-02 -6.192733e-01]\n",
      " [-9.829385e-01  1.132635e-01 -1.449248e-01  1.403765e+01]\n",
      " [ 0.000000e+00  0.000000e+00  0.000000e+00  1.000000e+00]]\n",
      "<class 'open3d.open3d_pybind.geometry.PointCloud'>\n"
     ]
    }
   ],
   "source": [
    "pcd_net = o3d.geometry.PointCloud()\n",
    "for i in range(76):\n",
    "    if (i<9):\n",
    "        pcd_text = \"00000\"+str(i+1)+\".bin\"\n",
    "    else:\n",
    "        pcd_text = \"0000\"+str(i+1)+\".bin\"\n",
    "    pcd_ip = readPointCloud(\"../dataset/01/\"+pcd_text)\n",
    "    pcd = o3d.geometry.PointCloud()\n",
    "    pcd.points = o3d.utility.Vector3dVector(pcd_ip[:,:3])\n",
    "#     print (np.asarray(pcd.points).shape)\n",
    "    rotmat = pcd.get_rotation_matrix_from_zyx((np.pi/2,-np.pi/2,0))\n",
    "    pcd = pcd.rotate(R=rotmat,center=pcd.get_center())\n",
    "    pcd = pcd.transform(computePose(i))\n",
    "    pcd_net += pcd\n",
    "#     print (np.asarray(pcd.points))\n",
    "# pcd = o3d.io.read_point_cloud(pcd_ip)\n",
    "downpcd = pcd_net.voxel_down_sample(voxel_size=1)\n",
    "print (type(pcd))\n",
    "o3d.visualization.draw_geometries([downpcd])"
   ]
  },
  {
   "cell_type": "code",
   "execution_count": null,
   "metadata": {},
   "outputs": [],
   "source": []
  },
  {
   "cell_type": "code",
   "execution_count": null,
   "metadata": {},
   "outputs": [],
   "source": []
  }
 ],
 "metadata": {
  "kernelspec": {
   "display_name": "Python 3",
   "language": "python",
   "name": "python3"
  },
  "language_info": {
   "codemirror_mode": {
    "name": "ipython",
    "version": 3
   },
   "file_extension": ".py",
   "mimetype": "text/x-python",
   "name": "python",
   "nbconvert_exporter": "python",
   "pygments_lexer": "ipython3",
   "version": "3.6.9"
  }
 },
 "nbformat": 4,
 "nbformat_minor": 4
}
